2 0.434380 0.381815 0.008414 0.014958
2 0.425440 0.382749 0.011569 0.024307
2 0.416500 0.387424 0.012621 0.026177
2 0.367066 0.396773 0.027346 0.048615
2 0.356549 0.402382 0.031553 0.044875
2 0.337617 0.408927 0.031553 0.054224
2 0.459096 0.384619 0.007362 0.016828
2 0.465407 0.386489 0.009466 0.020568
2 0.487494 0.397708 0.013673 0.046745
2 0.503270 0.400513 0.034708 0.056094
2 0.564799 0.433234 0.039967 0.114058
2 0.746754 0.357507 0.035760 0.029917
2 0.777781 0.399578 0.095711 0.110319
2 0.264519 0.454831 0.156713 0.175762
2 0.405456 0.391257 0.017880 0.026177
2 0.451208 0.382843 0.008414 0.020568
2 0.443320 0.381908 0.007362 0.014958
2 0.514314 0.408085 0.046278 0.063573
2 0.650518 0.441742 0.175645 0.246815
9 0.365489 0.339370 0.007362 0.014958
9 0.516417 0.316932 0.010518 0.014958
9 0.521150 0.344979 0.009466 0.011219
9 0.491175 0.358068 0.008414 0.014958
9 0.478028 0.366482 0.007362 0.016828
2 0.471717 0.389855 0.009466 0.022438
8 0.456993 0.362275 0.005259 0.018698
