9 0.737970 0.207535 0.023730 0.025857
9 0.713857 0.179637 0.012248 0.016331
9 0.675582 0.215020 0.015310 0.021774
9 0.675733 0.257208 0.021737 0.029940
9 0.569177 0.317087 0.010717 0.021774
9 0.290536 0.244279 0.009186 0.023135
9 0.314266 0.306880 0.015310 0.012248
9 0.437894 0.271372 0.029854 0.028328
8 0.284029 0.303478 0.016075 0.029940
8 0.586755 0.308340 0.008420 0.019052
8 0.337202 0.314464 0.014544 0.020413
8 0.711914 0.268874 0.019903 0.038105
9 0.579866 0.274318 0.008420 0.016331
8 0.497957 0.236894 0.008420 0.034022
8 0.396529 0.213759 0.007655 0.036744
8 0.405604 0.210975 0.013558 0.036621
8 0.487240 0.234172 0.006889 0.023135
2 0.689332 0.355291 0.069660 0.050353
2 0.230032 0.379106 0.051288 0.054435
2 0.267542 0.370941 0.052819 0.051714
2 0.551670 0.361542 0.013779 0.016331
2 0.531384 0.358140 0.034447 0.017692
2 0.509184 0.361542 0.011482 0.013609
2 0.491484 0.360536 0.023203 0.030000
8 0.514687 0.309911 0.010547 0.018750
