9 0.446219 0.439804 0.020648 0.012236
9 0.440483 0.455098 0.029824 0.026511
9 0.493823 0.441843 0.017206 0.012236
9 0.484646 0.457137 0.037854 0.026511
9 0.515044 0.484328 0.006883 0.018353
2 0.520971 0.514577 0.019501 0.032628
2 0.583488 0.499282 0.027530 0.030589
2 0.623636 0.497243 0.050472 0.046903
2 0.553663 0.517636 0.043589 0.067296
2 0.462469 0.480929 0.040148 0.018353
2 0.938130 0.541088 0.122739 0.154985
2 0.460366 0.599207 0.160593 0.222281
2 0.609488 0.546526 0.100944 0.106042
2 0.763199 0.524094 0.087179 0.089728
