2 0.168091 0.458906 0.017139 0.051562
2 0.102173 0.457734 0.077783 0.086719
2 0.042187 0.469453 0.084375 0.091406
3 0.213574 0.414375 0.092285 0.159375
3 0.469336 0.420234 0.021094 0.030469
2 0.473291 0.448359 0.026367 0.035156
2 0.504272 0.455390 0.038232 0.058594
2 0.521411 0.464765 0.051416 0.063281
2 0.875917 0.533672 0.176660 0.260156
2 0.700048 0.557812 0.353320 0.393750
2 0.943285 0.583203 0.112060 0.311719
2 0.350024 0.488828 0.230713 0.364531
0 0.860756 0.394922 0.014502 0.030469
0 0.884487 0.396093 0.014502 0.032812
2 0.909535 0.406640 0.035596 0.072656
0 0.987978 0.430078 0.021094 0.082031
9 0.568872 0.356250 0.022412 0.014062
9 0.570849 0.382031 0.013184 0.018750
9 0.799584 0.294140 0.030322 0.035156
8 0.060826 0.032812 0.021094 0.056250
8 0.431762 0.263672 0.006592 0.035156
8 0.570849 0.287109 0.013184 0.049219
8 0.729711 0.209765 0.017139 0.086719
8 0.743422 0.333984 0.027686 0.044531
8 0.172046 0.385312 0.017139 0.028125
8 0.504931 0.406406 0.015820 0.023437
