9 0.221418 0.337500 0.041566 0.072474
9 0.174257 0.395763 0.019184 0.032684
9 0.398557 0.433421 0.015357 0.048316
9 0.470413 0.390790 0.008793 0.017053
9 0.659058 0.367342 0.032773 0.018474
9 0.656176 0.401812 0.030544 0.047625
9 0.903257 0.244421 0.027178 0.034105
0 0.841308 0.459711 0.026378 0.055421
2 0.342119 0.512290 0.043164 0.055421
0 0.209028 0.466105 0.011990 0.031263
0 0.185847 0.458290 0.013589 0.044053
0 0.165464 0.451895 0.014388 0.036947
9 0.141883 0.385105 0.042365 0.025579
2 0.279770 0.544263 0.129493 0.173368
2 0.049160 0.823500 0.096720 0.279947
2 0.138518 0.645619 0.277037 0.333448
2 0.625086 0.515842 0.097520 0.127895
2 0.730199 0.538579 0.183049 0.204632
2 0.874081 0.619579 0.250194 0.312632
