2 0.450351 0.364955 0.014766 0.016875
2 0.463008 0.383705 0.031641 0.050625
2 0.402363 0.395223 0.060117 0.076875
2 0.311660 0.383036 0.030586 0.048750
2 0.233086 0.392411 0.059062 0.037500
2 0.095449 0.384911 0.119180 0.097500
2 0.644188 0.372991 0.024258 0.024375
2 0.671610 0.378616 0.036914 0.065625
2 0.695868 0.395491 0.070664 0.088125
2 0.547910 0.468348 0.159258 0.245625
9 0.418711 0.199286 0.101250 0.093750
9 0.565840 0.211473 0.083320 0.046875
9 0.514687 0.336161 0.016875 0.041250
9 0.602226 0.279911 0.010547 0.030000
9 0.567949 0.248036 0.022148 0.022500
9 0.620457 0.287411 0.025312 0.048750
9 0.620985 0.330536 0.013711 0.037500
9 0.620985 0.358661 0.015820 0.018750
9 0.685848 0.309911 0.008437 0.037500
8 0.464590 0.334955 0.009492 0.016875
9 0.025840 0.324911 0.020039 0.037500
9 0.761218 0.167294 0.093805 0.201177
