2 0.238781 0.492250 0.062437 0.061500
2 0.291094 0.487000 0.069187 0.063000
2 0.458016 0.468250 0.010969 0.013500
2 0.489234 0.465250 0.007594 0.019500
2 0.577406 0.475750 0.028687 0.046500
2 0.596812 0.483250 0.020250 0.052500
2 0.631828 0.493000 0.059906 0.069000
2 0.165836 0.504565 0.096953 0.088729
2 0.402501 0.459638 0.034826 0.059528
2 0.439087 0.466200 0.023625 0.027000
2 0.473766 0.465000 0.019406 0.036000
2 0.508781 0.467250 0.027000 0.040500
2 0.693984 0.506250 0.098719 0.103500
2 0.018984 0.545893 0.037969 0.130500
2 0.914565 0.572143 0.167906 0.177000
9 0.670781 0.253950 0.025312 0.070500
8 0.376987 0.379200 0.010125 0.030000
8 0.428962 0.428700 0.006750 0.015000
8 0.490978 0.389700 0.012656 0.024000
8 0.455119 0.448200 0.008437 0.021000
3 0.348398 0.442500 0.069609 0.123750
