8 0.346700 0.469548 0.012398 0.027551
8 0.529570 0.491589 0.010332 0.027551
8 0.495475 0.531997 0.008265 0.020204
8 0.444072 0.537876 0.010332 0.018367
0 0.706167 0.607041 0.010332 0.058775
8 0.296173 0.531428 0.012398 0.033061
9 0.294451 0.482143 0.014464 0.014694
9 0.622555 0.474927 0.014464 0.025714
2 0.382861 0.590248 0.026862 0.042245
2 0.297625 0.595758 0.036161 0.060612
2 0.176745 0.600350 0.040293 0.047755
2 0.127079 0.597857 0.057857 0.056939
2 0.500641 0.576079 0.018597 0.023878
2 0.487210 0.585656 0.018597 0.029388
2 0.463964 0.584737 0.017564 0.023878
2 0.473262 0.575554 0.011365 0.016531
2 0.441234 0.585656 0.009298 0.022041
2 0.428320 0.582901 0.018597 0.027551
2 0.339984 0.609533 0.073355 0.084490
2 0.257848 0.603105 0.078520 0.097347
2 0.609812 0.605204 0.060957 0.093673
2 0.536974 0.607959 0.059923 0.084490
2 0.859920 0.651253 0.166339 0.139592
9 0.710644 0.465918 0.015497 0.014694
0 0.770592 0.588017 0.012398 0.036735
