9 0.654650 0.293779 0.048776 0.079912
9 0.328043 0.423363 0.021041 0.034005
9 0.327564 0.450567 0.012433 0.013602
9 0.534145 0.429314 0.021997 0.032305
9 0.536058 0.454818 0.010520 0.011902
9 0.511670 0.434415 0.009564 0.039106
9 0.485847 0.434415 0.024866 0.042506
9 0.442331 0.436115 0.033474 0.045907
2 0.482978 0.503275 0.009564 0.010202
2 0.476283 0.509226 0.005738 0.015302
3 0.436115 0.493923 0.019128 0.049307
3 0.392121 0.475221 0.072686 0.154723
2 0.465285 0.510076 0.016259 0.023804
2 0.327086 0.514043 0.034430 0.037406
2 0.177889 0.535863 0.076511 0.076511
2 0.083206 0.580636 0.166412 0.190428
8 0.528885 0.390208 0.009564 0.020403
