8 0.106734 0.222000 0.012656 0.051000
8 0.123187 0.225000 0.015187 0.048000
8 0.143016 0.292500 0.016031 0.042000
8 0.145125 0.338250 0.013500 0.028500
9 0.124453 0.311000 0.024469 0.063000
9 0.134156 0.231500 0.008438 0.057000
2 0.764297 0.420500 0.026156 0.039000
2 0.729281 0.407000 0.052312 0.078000
2 0.672328 0.426500 0.026156 0.057000
2 0.626203 0.408250 0.073406 0.100500
2 0.707203 0.436000 0.056531 0.078000
8 0.802687 0.345500 0.013500 0.027000
8 0.787922 0.233000 0.009281 0.048000
8 0.633937 0.169000 0.011812 0.054000
8 0.621281 0.169750 0.008437 0.049500
8 0.647437 0.165250 0.013500 0.052500
9 0.800156 0.283000 0.025312 0.018000
9 0.786234 0.319000 0.012656 0.018000
