9 0.683242 0.383483 0.011713 0.020823
9 0.419218 0.425128 0.010737 0.024293
9 0.394328 0.381988 0.046851 0.041164
9 0.163978 0.373222 0.060516 0.051757
9 0.096630 0.378168 0.068324 0.052275
9 0.334300 0.421658 0.008785 0.017352
2 0.964835 0.439010 0.069300 0.176992
2 0.025866 0.589106 0.051731 0.157905
2 0.124448 0.494537 0.043923 0.052057
2 0.072716 0.500610 0.053683 0.046851
2 0.044899 0.517095 0.074181 0.052057
2 0.332348 0.454627 0.010737 0.013882
2 0.320148 0.462435 0.021473 0.032969
2 0.292818 0.492802 0.042947 0.055527
2 0.640295 0.464171 0.050755 0.053792
2 0.391888 0.446818 0.010737 0.019087
2 0.367975 0.449421 0.009761 0.013882
2 0.380663 0.466774 0.021473 0.031234
2 0.359678 0.470244 0.024401 0.031234
2 0.441667 0.445951 0.012689 0.017352
2 0.454844 0.451157 0.013665 0.020823
2 0.466069 0.451157 0.008785 0.020823
2 0.473877 0.452892 0.008785 0.024293
2 0.484614 0.454627 0.012689 0.020823
2 0.500231 0.451157 0.016593 0.024293
2 0.504135 0.458097 0.012689 0.020823
2 0.513895 0.459833 0.012689 0.024293
2 0.526584 0.456362 0.016593 0.027763
2 0.541225 0.458097 0.012689 0.031234
2 0.561722 0.456362 0.026354 0.038175
2 0.570507 0.462435 0.020497 0.029499
2 0.592956 0.462435 0.036114 0.036440
9 0.404258 0.356718 0.014502 0.014062
9 0.095762 0.339140 0.030322 0.021094
9 0.160362 0.340312 0.030322 0.023437
2 0.205845 0.502031 0.139746 0.239062
