0 0.734816 0.501745 0.035084 0.202361
8 0.810441 0.288296 0.036643 0.069302
8 0.865017 0.294533 0.025728 0.065144
9 0.854102 0.138604 0.055355 0.074846
0 0.439330 0.524615 0.035084 0.081776
2 0.010769 0.466698 0.021538 0.069302
2 0.018809 0.442443 0.010135 0.023563
2 0.065977 0.445215 0.007796 0.023563
2 0.074164 0.450066 0.010135 0.024949
2 0.083909 0.452838 0.015593 0.036037
2 0.096773 0.455610 0.030406 0.052669
2 0.165772 0.480559 0.043660 0.074846
2 0.186433 0.487489 0.052236 0.091478
2 0.228144 0.497191 0.081083 0.127515
2 0.119773 0.468777 0.043660 0.048511
2 0.306498 0.523526 0.162946 0.171869
2 0.050774 0.442443 0.017932 0.026335
8 0.023097 0.378289 0.006237 0.015246
9 0.058181 0.416603 0.004678 0.011088
9 0.053503 0.417296 0.006237 0.015246
9 0.040249 0.410366 0.006237 0.012474
