1 0.363116 0.499968 0.034118 0.150770
7 0.361654 0.545892 0.033143 0.107445
2 0.112103 0.532028 0.224206 0.450578
2 0.239803 0.545892 0.120876 0.169833
2 0.301216 0.525096 0.081884 0.121309
2 0.341670 0.506900 0.065312 0.109178
2 0.381150 0.501701 0.013647 0.057189
2 0.391873 0.492170 0.015597 0.058922
2 0.404545 0.497369 0.013647 0.038126
2 0.411369 0.485238 0.015597 0.034660
2 0.422092 0.484371 0.011698 0.032927
2 0.430865 0.483505 0.007798 0.024262
2 0.975295 0.839634 0.047766 0.209692
2 0.817376 0.614346 0.361654 0.414185
2 0.620465 0.551091 0.100405 0.128241
2 0.568313 0.530295 0.054589 0.093582
2 0.540044 0.517298 0.037043 0.071053
2 0.534682 0.505167 0.051665 0.067587
2 0.505438 0.503434 0.030219 0.046791
2 0.508850 0.471374 0.031194 0.020796
2 0.487404 0.495636 0.011698 0.031194
2 0.482042 0.488704 0.016572 0.038126
