2 0.458065 0.456654 0.009826 0.009982
2 0.459469 0.472874 0.007018 0.014972
2 0.453503 0.485351 0.010527 0.022458
2 0.447187 0.490966 0.009124 0.023706
2 0.439116 0.494709 0.014037 0.033688
2 0.425079 0.498452 0.025266 0.048660
2 0.394550 0.499700 0.045619 0.058641
2 0.322964 0.523406 0.105976 0.140989
2 0.489647 0.480360 0.009826 0.022458
2 0.499824 0.494709 0.011931 0.028697
2 0.511053 0.496580 0.016142 0.029945
2 0.534213 0.499076 0.034389 0.054898
2 0.557023 0.511553 0.050531 0.059889
2 0.632118 0.534635 0.105274 0.143484
2 0.473943 0.457278 0.010527 0.016220
2 0.139312 0.545864 0.278625 0.360582
2 0.839383 0.566451 0.320032 0.359334
8 0.492719 0.446494 0.005615 0.012477
