8 0.546380 0.104846 0.018521 0.081451
8 0.323636 0.214891 0.011698 0.069320
8 0.013160 0.039859 0.024370 0.076252
8 0.040455 0.042458 0.020471 0.084917
8 0.882201 0.353530 0.017547 0.062388
8 0.907059 0.359596 0.034118 0.060655
9 0.325586 0.347465 0.040942 0.022529
9 0.330460 0.376059 0.009748 0.024262
2 0.636550 0.577086 0.130624 0.180231
2 0.530295 0.532895 0.046791 0.064121
2 0.507387 0.519031 0.016572 0.039859
2 0.494228 0.514699 0.013647 0.024262
2 0.041038 0.505210 0.060246 0.054055
2 0.216895 0.503434 0.039967 0.039859
2 0.247114 0.502568 0.020471 0.020796
2 0.178657 0.499729 0.035627 0.028982
2 0.304140 0.499968 0.019496 0.025995
4 0.345082 0.492170 0.038992 0.055456
2 0.287568 0.500835 0.013647 0.017330
