2 0.545341 0.499238 0.009466 0.014958
2 0.552177 0.507653 0.008414 0.024307
2 0.546393 0.508587 0.007362 0.014958
2 0.533246 0.510457 0.010518 0.014958
2 0.481183 0.507653 0.011569 0.013089
2 0.427543 0.521676 0.030501 0.037396
2 0.622120 0.515132 0.026294 0.024307
2 0.025960 0.555465 0.051537 0.125277
9 0.441742 0.468761 0.012621 0.024307
9 0.455941 0.469696 0.011569 0.007479
9 0.561117 0.443518 0.007362 0.014958
9 0.521676 0.462216 0.008414 0.011219
9 0.547444 0.478110 0.011569 0.009349
9 0.621804 0.474370 0.006311 0.016828
8 0.598981 0.478671 0.007362 0.018698
8 0.552703 0.442209 0.007362 0.020568
9 0.938157 0.414567 0.026309 0.019134
