2 0.042881 0.556494 0.084202 0.209292
2 0.971828 0.835087 0.055355 0.217608
2 0.209725 0.555801 0.291587 0.454620
2 0.398399 0.480262 0.026508 0.051283
2 0.353179 0.496894 0.024949 0.056827
2 0.366823 0.492736 0.025728 0.067916
2 0.417890 0.474024 0.014034 0.027721
2 0.435432 0.476104 0.014813 0.020791
2 0.586293 0.553722 0.073287 0.184343
2 0.550040 0.537782 0.053796 0.130287
2 0.517295 0.495508 0.052236 0.090092
2 0.490397 0.508675 0.020271 0.052669
2 0.485329 0.499666 0.024169 0.059600
2 0.470516 0.489271 0.014813 0.044353
2 0.462330 0.485113 0.020271 0.030493
2 0.454923 0.477490 0.011695 0.034651
2 0.796798 0.541247 0.403856 0.541940
9 0.683749 0.304928 0.026508 0.033265
