8 0.342719 0.355327 0.008119 0.032990
8 0.467977 0.348110 0.005799 0.030928
8 0.461598 0.346612 0.006959 0.032055
8 0.571778 0.296564 0.009278 0.035052
8 0.581637 0.304811 0.008119 0.035052
8 0.706890 0.411421 0.015069 0.029714
8 0.336456 0.420931 0.016006 0.021368
9 0.345619 0.294502 0.013918 0.039175
9 0.337500 0.376401 0.016237 0.013283
9 0.419845 0.349141 0.032474 0.024742
9 0.696456 0.372852 0.019716 0.022680
9 0.707474 0.330589 0.018557 0.024752
9 0.613351 0.303709 0.018916 0.032848
2 0.556121 0.494502 0.010438 0.026804
2 0.544523 0.493471 0.010438 0.020619
2 0.583956 0.495533 0.012758 0.024742
3 0.728351 0.481100 0.067268 0.070103
0 0.686018 0.503780 0.010438 0.065979
0 0.670361 0.502749 0.013918 0.055670
2 0.528866 0.490378 0.032474 0.043299
2 0.571778 0.499656 0.020876 0.032990
2 0.418106 0.561512 0.193686 0.329897
2 0.838283 0.631615 0.321926 0.387629
3 0.052191 0.446048 0.104381 0.173196
8 0.721120 0.415226 0.013389 0.035705
8 0.708687 0.413526 0.015302 0.028904
