2 0.660356 0.483791 0.012292 0.029137
2 0.648747 0.483791 0.019121 0.029137
2 0.634406 0.488647 0.015024 0.024281
2 0.623480 0.487433 0.015024 0.026709
2 0.605725 0.485005 0.023218 0.031565
2 0.577044 0.485005 0.023218 0.031565
2 0.553825 0.485005 0.031413 0.041277
2 0.511486 0.478935 0.042339 0.063130
2 0.450709 0.477721 0.090142 0.123831
2 0.126335 0.506857 0.151602 0.084982
2 0.266328 0.537208 0.218525 0.223381
3 0.721817 0.475293 0.121555 0.143256
9 0.104653 0.408955 0.032779 0.063130
9 0.358006 0.422309 0.017755 0.031565
9 0.358689 0.450232 0.010926 0.029137
9 0.665307 0.446590 0.012292 0.016996
9 0.715841 0.388316 0.017755 0.046133
