8 0.497812 0.237812 0.008437 0.016875
8 0.434004 0.247187 0.009492 0.016875
8 0.463008 0.281875 0.006328 0.015000
8 0.475137 0.278125 0.007383 0.015000
2 0.449191 0.297750 0.013711 0.026250
2 0.482941 0.298687 0.009492 0.020625
2 0.442336 0.303375 0.014766 0.033750
2 0.432844 0.300562 0.018984 0.039375
2 0.421769 0.309000 0.022148 0.048750
2 0.410168 0.317437 0.028477 0.073125
2 0.381691 0.332437 0.041133 0.084375
2 0.362707 0.344625 0.047461 0.097500
2 0.321574 0.356812 0.095977 0.121875
2 0.492961 0.295875 0.010547 0.045000
2 0.502453 0.298687 0.018984 0.050625
2 0.513527 0.309937 0.022148 0.046875
2 0.533566 0.316500 0.030586 0.063750
2 0.270261 0.396269 0.166641 0.166875
2 0.580866 0.323144 0.076992 0.114375
2 0.837949 0.359062 0.321680 0.650625
2 0.468808 0.304687 0.020039 0.028125
