9 0.435899 0.383672 0.011865 0.025781
9 0.387119 0.389531 0.009229 0.023437
9 0.371958 0.359062 0.010547 0.060937
9 0.366026 0.383672 0.011865 0.030469
2 0.364048 0.438750 0.029004 0.042187
2 0.456333 0.439922 0.018457 0.025781
2 0.441172 0.438750 0.019775 0.046875
2 0.501817 0.432890 0.017139 0.025781
2 0.591465 0.441093 0.014502 0.028125
2 0.576304 0.446953 0.023730 0.021094
2 0.692979 0.446953 0.038232 0.039844
2 0.275718 0.436406 0.042187 0.056250
2 0.207823 0.443437 0.032959 0.051562
2 0.135972 0.449297 0.129199 0.133594
4 0.849204 0.441093 0.110742 0.103125
2 0.324497 0.445781 0.052734 0.070312
2 0.408213 0.458672 0.069873 0.138281
2 0.253965 0.466875 0.083057 0.089062
2 0.635630 0.477422 0.097559 0.105469
2 0.070623 0.533671 0.141246 0.236719
