2 0.121628 0.439568 0.243256 0.344257
2 0.881003 0.540569 0.235254 0.500738
2 0.262061 0.430322 0.119228 0.197735
2 0.335678 0.436723 0.045611 0.113804
2 0.344880 0.408983 0.076818 0.123762
2 0.387690 0.411117 0.023205 0.085353
2 0.404493 0.410406 0.016804 0.061170
2 0.415696 0.417519 0.010402 0.041254
2 0.423298 0.412540 0.016004 0.036986
2 0.721767 0.468019 0.187243 0.241834
2 0.624944 0.444547 0.104024 0.157903
2 0.564930 0.436012 0.060814 0.106691
2 0.539325 0.429610 0.030407 0.051212
2 0.537724 0.422498 0.033608 0.056902
2 0.517319 0.418941 0.028006 0.035564
2 0.503716 0.408983 0.023205 0.035564
2 0.487713 0.407561 0.015204 0.024183
3 0.429699 0.397603 0.022405 0.049789
3 0.445703 0.396892 0.009602 0.031296
3 0.466508 0.392624 0.019204 0.036986
2 0.469708 0.406138 0.014403 0.032719
8 0.436101 0.353504 0.003201 0.015648
8 0.486512 0.342835 0.004801 0.019916
