9 0.524229 0.431718 0.014502 0.028125
9 0.520274 0.464531 0.009229 0.032812
9 0.530821 0.463359 0.011865 0.025781
9 0.442491 0.461015 0.017139 0.025781
9 0.443809 0.398906 0.014502 0.037500
0 0.625083 0.565312 0.021094 0.079687
0 0.604649 0.554765 0.022412 0.086719
0 0.506431 0.539531 0.015820 0.042187
0 0.422056 0.536015 0.010547 0.030469
0 0.413487 0.536015 0.009229 0.030469
0 0.397666 0.533672 0.011865 0.035156
0 0.371958 0.543046 0.010547 0.030469
2 0.224302 0.551250 0.026367 0.037500
2 0.141905 0.552421 0.017139 0.063281
2 0.092466 0.561796 0.042187 0.067969
2 0.281651 0.545390 0.027686 0.044531
2 0.250669 0.544218 0.021094 0.032812
2 0.952695 0.845390 0.093603 0.307031
0 0.052916 0.639140 0.105469 0.569531
0 0.199913 0.646870 0.164795 0.535321
0 0.910508 0.565312 0.022412 0.112500
