9 0.655147 0.509062 0.022148 0.016875
9 0.576573 0.439687 0.061172 0.031875
8 0.494835 0.405937 0.011602 0.058125
8 0.477433 0.402187 0.014766 0.050625
9 0.646183 0.584062 0.031641 0.024375
0 0.943604 0.722812 0.023203 0.121875
0 0.794894 0.707812 0.025312 0.110625
0 0.753233 0.707812 0.041133 0.121875
0 0.731085 0.708750 0.026367 0.112500
0 0.615597 0.659062 0.012656 0.065625
0 0.598194 0.659062 0.013711 0.061875
0 0.585011 0.659062 0.008437 0.050625
0 0.560226 0.659062 0.011602 0.046875
0 0.550206 0.656250 0.012656 0.060000
0 0.537023 0.656250 0.007383 0.037500
0 0.530167 0.659062 0.006328 0.043125
0 0.119366 0.615937 0.020039 0.061875
0 0.085616 0.618750 0.015820 0.067500
0 0.095109 0.614062 0.009492 0.058125
7 0.009152 0.643125 0.016875 0.067500
2 0.157862 0.630000 0.056953 0.078750
2 0.260694 0.636562 0.032695 0.061875
2 0.398331 0.631875 0.025312 0.033750
2 0.422062 0.619687 0.013711 0.013125
4 0.460558 0.621562 0.031641 0.080625
2 0.476905 0.648750 0.034805 0.052500
2 0.426808 0.657187 0.044297 0.065625
2 0.333995 0.653437 0.156094 0.118125
2 0.206378 0.637500 0.086484 0.097500
9 0.212706 0.529687 0.014766 0.031875
8 0.409405 0.558750 0.005273 0.022500
0 0.051339 0.594375 0.010547 0.063750
