9 0.500518 0.598683 0.010527 0.013725
9 0.325062 0.618022 0.007720 0.009982
2 0.409281 0.663771 0.004913 0.012477
2 0.412439 0.665642 0.005615 0.016220
2 0.416650 0.667514 0.007018 0.022458
2 0.425774 0.669385 0.014037 0.028697
2 0.429985 0.673752 0.011229 0.027449
2 0.435950 0.675000 0.017546 0.032440
2 0.444723 0.679367 0.016844 0.043669
2 0.465427 0.683110 0.040004 0.063632
2 0.497009 0.696834 0.058251 0.078604
2 0.391034 0.665018 0.004913 0.014972
2 0.385770 0.668761 0.007018 0.017468
2 0.379103 0.668761 0.011931 0.024954
2 0.374190 0.673128 0.009124 0.026201
2 0.367873 0.675000 0.010527 0.032440
2 0.362259 0.676248 0.011931 0.034935
2 0.353486 0.680614 0.012633 0.041174
2 0.346117 0.681862 0.014738 0.041174
2 0.331378 0.684981 0.027371 0.052403
2 0.306113 0.688724 0.051233 0.082347
2 0.257687 0.701825 0.077903 0.121026
2 0.201634 0.728775 0.142471 0.155961
2 0.574304 0.721289 0.131241 0.143484
