9 0.288171 0.437213 0.017446 0.053869
9 0.678112 0.415992 0.015610 0.021221
2 0.390553 0.487817 0.080804 0.122430
2 0.454829 0.491082 0.036729 0.021221
2 0.680560 0.480472 0.028465 0.084885
2 0.692038 0.480472 0.036729 0.097944
2 0.723717 0.488634 0.052339 0.117533
2 0.755396 0.494347 0.088150 0.138755
2 0.839511 0.513934 0.179973 0.192624
2 0.887519 0.569829 0.222211 0.347703
2 0.604412 0.486457 0.011937 0.026119
2 0.616897 0.488906 0.024792 0.037545
2 0.538847 0.507678 0.112942 0.146917
2 0.320768 0.509311 0.113860 0.133857
0 0.585589 0.470949 0.011019 0.031016
