2 0.464741 0.560586 0.017944 0.017864
2 0.408397 0.568880 0.021532 0.029348
2 0.434715 0.570582 0.031581 0.044660
2 0.203840 0.603757 0.107662 0.082940
8 0.502303 0.403214 0.009331 0.022968
8 0.485794 0.447236 0.007895 0.019140
8 0.490101 0.497212 0.005024 0.015312
8 0.453137 0.517628 0.008613 0.015312
8 0.496800 0.504868 0.009331 0.017864
8 0.520725 0.548890 0.007895 0.014036
9 0.484120 0.476966 0.012202 0.020416
9 0.506011 0.475690 0.010048 0.017864
9 0.401220 0.478880 0.010048 0.016588
9 0.424906 0.477604 0.011484 0.014036
9 0.592140 0.481432 0.020097 0.024244
