0 0.796486 0.554491 0.018019 0.094576
6 0.785331 0.548390 0.031748 0.057966
0 0.590553 0.490424 0.004290 0.027458
0 0.624017 0.495763 0.009439 0.032034
0 0.632598 0.491949 0.007722 0.027458
0 0.665633 0.496525 0.010297 0.027458
9 0.633456 0.280678 0.088379 0.025932
9 0.694807 0.402712 0.008581 0.053390
8 0.717974 0.441610 0.015445 0.024407
8 0.547222 0.239491 0.011155 0.062542
8 0.559664 0.242542 0.012013 0.056441
8 0.532635 0.242542 0.018019 0.059492
8 0.039685 0.351610 0.012013 0.048814
8 0.385479 0.444661 0.003432 0.015254
8 0.460559 0.446186 0.004290 0.015254
9 0.368318 0.443898 0.022309 0.007627
9 0.042688 0.395085 0.030032 0.016780
9 0.028530 0.420254 0.025742 0.015254
9 0.052985 0.430932 0.007722 0.012203
8 0.031962 0.517119 0.015445 0.022881
0 0.208292 0.531610 0.012871 0.042712
0 0.225024 0.527797 0.008581 0.028983
0 0.259775 0.514830 0.006006 0.030508
0 0.270500 0.519407 0.006864 0.024407
0 0.278652 0.512542 0.006006 0.019831
2 0.289807 0.531610 0.030032 0.021356
0 0.235320 0.588813 0.015445 0.105254
2 0.182979 0.595678 0.082373 0.088475
0 0.469568 0.493474 0.020593 0.033559
0 0.454981 0.552203 0.041186 0.080847
2 0.404356 0.556017 0.113263 0.103729
4 0.337857 0.491949 0.069502 0.064068
4 0.367031 0.495000 0.055773 0.061017
4 0.435675 0.482797 0.050625 0.073220
2 0.489732 0.518644 0.042044 0.062542
2 0.507751 0.534661 0.040328 0.061017
2 0.502603 0.558305 0.028316 0.065593
2 0.531348 0.493474 0.034322 0.018305
2 0.559235 0.506441 0.035180 0.025932
2 0.590124 0.527034 0.031748 0.042712
2 0.613721 0.531610 0.061780 0.042712
2 0.319838 0.588813 0.210222 0.114407
2 0.541644 0.557542 0.084947 0.097627
2 0.657910 0.566695 0.192203 0.106780
2 0.917042 0.556780 0.163030 0.135763
9 0.578970 0.439322 0.008581 0.013729
