8 0.263400 0.511854 0.014011 0.022417
8 0.244485 0.500646 0.012610 0.019926
8 0.393698 0.509986 0.011208 0.017435
8 0.487569 0.483833 0.014011 0.019926
8 0.159721 0.547472 0.014011 0.014945
8 0.088267 0.552454 0.011208 0.019926
8 0.072155 0.551209 0.012610 0.017435
2 0.028722 0.627675 0.057444 0.099631
2 0.897628 0.706135 0.204555 0.396033
2 0.683578 0.748727 0.497377 0.483210
2 0.481124 0.620452 0.028021 0.027399
2 0.411772 0.603017 0.063048 0.107103
9 0.235378 0.546725 0.011208 0.017435
9 0.360073 0.552952 0.011208 0.019926
9 0.580740 0.472002 0.015412 0.027399
9 0.587745 0.503137 0.015412 0.019926
9 0.572334 0.501891 0.015412 0.022417
9 0.217865 0.511854 0.012610 0.012454
9 0.218566 0.555443 0.008406 0.029889
2 0.185641 0.586578 0.060246 0.042343
9 0.818069 0.224902 0.060644 0.050843
