9 0.506197 0.463574 0.015839 0.042236
9 0.852447 0.415862 0.013199 0.025029
2 0.348690 0.530839 0.019358 0.029722
2 0.336811 0.538661 0.011439 0.029722
2 0.315253 0.551175 0.043996 0.082908
2 0.127389 0.569947 0.111750 0.126709
2 0.475399 0.533968 0.063355 0.054751
3 0.397086 0.483128 0.045756 0.056315
2 0.240019 0.566036 0.127589 0.184589
2 0.396646 0.588719 0.113510 0.173638
6 0.064474 0.642687 0.128469 0.262804
1 0.029278 0.585590 0.058075 0.276883
1 0.625427 0.553522 0.046636 0.159560
6 0.629038 0.582656 0.123926 0.159375
6 0.859487 0.623133 0.196223 0.267497
6 0.932791 0.646391 0.133411 0.427471
0 0.460881 0.540225 0.009679 0.057879
