9 0.742792 0.132227 0.075578 0.196208
9 0.886749 0.022393 0.070779 0.044787
9 0.891548 0.143957 0.123563 0.202607
9 0.418888 0.107701 0.298711 0.215403
9 0.345110 0.444668 0.019194 0.014929
9 0.335513 0.479858 0.040788 0.059716
9 0.433573 0.500676 0.036610 0.030876
9 0.478270 0.503317 0.040788 0.029858
9 0.557447 0.551303 0.031191 0.044787
9 0.326516 0.548104 0.022793 0.038389
2 0.178959 0.647274 0.034790 0.053317
2 0.313919 0.647274 0.026392 0.040521
3 0.340311 0.632346 0.028791 0.070379
2 0.076584 0.606753 0.153167 0.219668
3 0.235942 0.595023 0.095971 0.106635
2 0.241941 0.683530 0.134360 0.117299
2 0.594636 0.665402 0.043187 0.068246
2 0.695406 0.661137 0.019194 0.068246
2 0.723598 0.673933 0.037189 0.063981
2 0.651019 0.665402 0.069579 0.093839
2 0.821369 0.686729 0.194342 0.200474
2 0.953272 0.696327 0.093457 0.155687
2 0.456077 0.697393 0.233931 0.362559
