8 0.366298 0.365384 0.009564 0.032305
8 0.462416 0.383237 0.004782 0.023804
8 0.418422 0.437645 0.004782 0.017003
8 0.466719 0.439345 0.005738 0.013602
8 0.438028 0.465699 0.003826 0.015302
8 0.494455 0.470800 0.005738 0.015302
8 0.306524 0.466549 0.010520 0.013602
8 0.357691 0.366404 0.009564 0.032305
8 0.458590 0.383407 0.004782 0.025504
9 0.246271 0.408911 0.023910 0.015302
8 0.232403 0.459068 0.017215 0.020403
8 0.600614 0.433564 0.019128 0.020403
9 0.193191 0.435265 0.015302 0.061209
9 0.236707 0.393609 0.016259 0.011902
9 0.543709 0.419112 0.014346 0.008501
2 0.283092 0.532604 0.049732 0.085013
2 0.243402 0.538555 0.079381 0.110516
2 0.369646 0.491798 0.025823 0.010202
2 0.347649 0.519002 0.020084 0.040806
2 0.442331 0.491883 0.004782 0.018703
2 0.433246 0.488483 0.007651 0.011902
2 0.427507 0.493583 0.007651 0.015302
2 0.418900 0.495284 0.009564 0.022103
2 0.471980 0.490183 0.008608 0.022103
2 0.479152 0.492733 0.009564 0.027204
2 0.483934 0.495284 0.009564 0.028904
2 0.574314 0.507185 0.083206 0.130919
2 0.132460 0.518237 0.194148 0.224433
2 0.041125 0.604950 0.082250 0.163224
2 0.939781 0.664232 0.120438 0.364988
2 0.375384 0.525095 0.054514 0.079912
2 0.496049 0.496190 0.026779 0.042506
2 0.624046 0.524245 0.127200 0.146222
4 0.456996 0.482022 0.023910 0.056108
4 0.398178 0.486556 0.034430 0.049307
