2 0.368772 0.515606 0.062372 0.091478
2 0.647106 0.485806 0.063931 0.084548
2 0.520413 0.467094 0.030406 0.038809
2 0.578887 0.469866 0.039762 0.049897
2 0.404246 0.504517 0.022610 0.066530
2 0.413212 0.496201 0.021830 0.052669
2 0.431924 0.486499 0.029627 0.041581
2 0.444008 0.478183 0.024169 0.038809
2 0.458042 0.474024 0.013254 0.036037
2 0.468567 0.471945 0.010915 0.023563
2 0.478702 0.471945 0.009356 0.026335
2 0.610073 0.478876 0.024169 0.070688
3 0.560175 0.453927 0.028847 0.062372
2 0.486109 0.469173 0.008576 0.026335
2 0.499753 0.467094 0.007796 0.024949
2 0.536786 0.460857 0.010135 0.029107
8 0.601107 0.216915 0.009356 0.040195
8 0.773798 0.384625 0.025728 0.031879
9 0.768341 0.319481 0.031965 0.023563
9 0.755476 0.351360 0.031186 0.018018
2 0.936354 0.515606 0.126303 0.291068
8 0.081473 0.124050 0.036643 0.103953
0 0.124353 0.494815 0.024169 0.108111
8 0.531655 0.399526 0.008398 0.021327
