8 0.400962 0.346172 0.007910 0.035156
8 0.352183 0.375468 0.007910 0.028125
9 0.476768 0.427031 0.011865 0.042187
2 0.232462 0.492656 0.018957 0.028125
2 0.213755 0.495000 0.015820 0.028125
2 0.178819 0.493828 0.025049 0.025781
2 0.161021 0.502031 0.015820 0.032812
2 0.120152 0.504375 0.015820 0.032812
2 0.080601 0.511406 0.044824 0.037500
2 0.052916 0.512578 0.015820 0.035156
2 0.033799 0.511406 0.027686 0.037500
2 0.014683 0.514922 0.029004 0.039844
2 0.337681 0.486797 0.023730 0.035156
2 0.358116 0.484453 0.019775 0.035156
2 0.414146 0.482109 0.010547 0.021094
2 0.436558 0.492656 0.039551 0.056250
2 0.480064 0.487968 0.042187 0.028125
2 0.387779 0.506718 0.052734 0.084375
2 0.306040 0.500859 0.047461 0.072656
