2 0.562787 0.525000 0.067156 0.094898
2 0.511560 0.515817 0.038744 0.055102
2 0.266470 0.551786 0.074904 0.090306
2 0.456314 0.518878 0.027551 0.039796
2 0.412835 0.521174 0.018080 0.026020
2 0.316406 0.539847 0.040466 0.066429
2 0.338792 0.534031 0.038744 0.050510
2 0.433068 0.522551 0.018941 0.015306
2 0.480852 0.517959 0.014636 0.018367
0 0.707717 0.506480 0.024107 0.114796
0 0.741602 0.515598 0.016358 0.076531
0 0.770875 0.513302 0.016358 0.081122
9 0.653784 0.329956 0.037022 0.024490
8 0.413610 0.457806 0.003444 0.016837
8 0.476805 0.453368 0.003444 0.015306
8 0.480766 0.451110 0.004477 0.016913
8 0.418001 0.456505 0.004305 0.015306
8 0.473361 0.453061 0.005166 0.015306
9 0.934583 0.309184 0.037022 0.024490
