8 0.370131 0.400102 0.006027 0.012245
8 0.419206 0.395510 0.007749 0.015306
8 0.474739 0.385561 0.008610 0.016837
8 0.509608 0.384031 0.007749 0.013776
8 0.527688 0.389388 0.007749 0.012245
2 0.540259 0.405612 0.011193 0.016837
2 0.520887 0.410970 0.012054 0.021429
2 0.504528 0.420153 0.017219 0.021429
2 0.492044 0.424745 0.009471 0.012245
2 0.480852 0.423980 0.014636 0.016837
2 0.459758 0.434694 0.024107 0.026020
2 0.538364 0.432398 0.012915 0.022959
2 0.420928 0.463163 0.057685 0.076531
2 0.347258 0.513010 0.111926 0.188265
2 0.245592 0.485970 0.061990 0.081122
2 0.185109 0.510204 0.098151 0.109184
2 0.465293 0.581022 0.179082 0.270789
