9 0.427941 0.451444 0.025345 0.008665
9 0.413806 0.393389 0.020471 0.055456
9 0.423554 0.440180 0.022421 0.013864
2 0.193012 0.579686 0.007798 0.012131
2 0.200810 0.578819 0.007798 0.013864
2 0.207634 0.581419 0.009748 0.022529
2 0.217382 0.577953 0.013647 0.029461
2 0.226155 0.580552 0.011698 0.031194
2 0.257837 0.580552 0.022421 0.038126
2 0.242727 0.574487 0.023395 0.043325
2 0.448899 0.572733 0.043866 0.043283
2 0.400159 0.596149 0.088708 0.090116
2 0.493740 0.615212 0.100405 0.128241
2 0.165230 0.577953 0.012673 0.015597
2 0.127700 0.583152 0.029244 0.036393
2 0.285131 0.577086 0.039967 0.055456
2 0.600482 0.641207 0.222256 0.176765
2 0.871478 0.707061 0.253450 0.298075
0 0.825662 0.584018 0.037043 0.093582
9 0.412827 0.483047 0.023730 0.025781
