8 0.228105 0.413319 0.007798 0.029461
8 0.219819 0.415052 0.006824 0.025995
8 0.235903 0.415918 0.007798 0.027728
2 0.167667 0.775514 0.335334 0.445379
2 0.392360 0.647272 0.158894 0.195828
2 0.301216 0.578819 0.081884 0.117843
2 0.172054 0.542426 0.102355 0.031194
3 0.042892 0.531162 0.085783 0.251284
3 0.135498 0.519031 0.033143 0.032927
2 0.601456 0.521561 0.052640 0.017190
2 0.466446 0.532028 0.041917 0.024262
2 0.413487 0.533761 0.040869 0.031194
2 0.649273 0.519898 0.025448 0.017330
8 0.307552 0.511233 0.018521 0.017330
2 0.768125 0.505547 0.019775 0.030469
8 0.240782 0.485625 0.006592 0.023437
8 0.248033 0.517265 0.010547 0.021094
8 0.163658 0.490312 0.005273 0.018750
2 0.397007 0.543046 0.042187 0.021094
