2 0.640222 0.563388 0.021594 0.100237
2 0.374501 0.533175 0.039588 0.085308
2 0.339712 0.555568 0.082775 0.091706
3 0.685209 0.474526 0.133160 0.147156
2 0.752989 0.595023 0.230332 0.260189
2 0.523257 0.596090 0.245927 0.454265
8 0.404492 0.441469 0.005998 0.029858
8 0.342711 0.467061 0.004799 0.021327
0 0.301923 0.523578 0.011996 0.027725
0 0.271932 0.536374 0.007198 0.049052
7 0.234143 0.576895 0.017995 0.057583
1 0.234143 0.538507 0.022793 0.070379
0 0.177160 0.548104 0.028791 0.106635
0 0.125575 0.544905 0.026392 0.104502
0 0.149568 0.550237 0.014396 0.072512
0 0.100383 0.541706 0.011996 0.085308
0 0.085987 0.545971 0.023993 0.098104
0 0.059595 0.542772 0.023993 0.087441
0 0.016408 0.545971 0.026392 0.089573
0 0.006404 0.542772 0.012809 0.083175
0 0.041600 0.541706 0.019194 0.085308
0 0.992009 0.579028 0.014977 0.155687
0 0.951530 0.564099 0.037189 0.138626
0 0.931736 0.554502 0.016795 0.106635
