2 0.011353 0.362821 0.022706 0.063130
2 0.110799 0.361607 0.042339 0.050989
2 0.039778 0.370106 0.066923 0.063130
2 0.189332 0.372534 0.060094 0.058273
2 0.256938 0.371320 0.075118 0.104407
2 0.375761 0.442947 0.170723 0.213669
0 0.619554 0.345825 0.013658 0.038849
0 0.665307 0.357965 0.017755 0.077698
0 0.741108 0.371320 0.030047 0.084982
8 0.445416 0.172219 0.012292 0.041277
8 0.609993 0.202570 0.016389 0.072842
8 0.633211 0.260843 0.021853 0.043705
8 0.562191 0.294836 0.013658 0.029137
8 0.537607 0.266913 0.010926 0.041277
9 0.538289 0.225636 0.012292 0.016996
9 0.562191 0.234134 0.024584 0.019424
9 0.549899 0.269341 0.024584 0.016996
8 0.931635 0.243847 0.017755 0.038849
9 0.949390 0.221994 0.047802 0.033993
2 0.571751 0.416239 0.169357 0.155396
9 0.106019 0.242633 0.030047 0.050989
9 0.029535 0.268127 0.019121 0.033993
