9 0.743291 0.288543 0.028269 0.074519
9 0.731106 0.231354 0.038992 0.029461
9 0.730618 0.175032 0.039967 0.072786
9 0.521035 0.408120 0.020471 0.019063
9 0.521035 0.380392 0.012673 0.022529
9 0.469857 0.431515 0.011698 0.024262
9 0.490328 0.421983 0.015597 0.008665
9 0.252475 0.445379 0.011698 0.017330
9 0.195449 0.443646 0.016572 0.006932
9 0.186188 0.422850 0.013647 0.013864
9 0.104304 0.433248 0.025345 0.013864
9 0.103330 0.398588 0.015597 0.027728
8 0.235903 0.363928 0.015597 0.041592
8 0.397722 0.379525 0.007798 0.024262
8 0.356780 0.426316 0.007798 0.013864
8 0.247114 0.365661 0.008773 0.038126
8 0.147196 0.356996 0.017547 0.031194
8 0.186676 0.459243 0.018521 0.024262
8 0.497639 0.438447 0.012673 0.020796
2 0.394797 0.459243 0.015597 0.017330
2 0.367015 0.465308 0.018521 0.032927
2 0.435252 0.464442 0.022421 0.031194
2 0.457185 0.486104 0.033143 0.043325
2 0.020471 0.566688 0.040942 0.169833
2 0.409700 0.454775 0.008057 0.010743
2 0.379486 0.439556 0.004029 0.019695
2 0.389054 0.441346 0.007050 0.019695
2 0.409700 0.439556 0.004029 0.016114
2 0.414232 0.439556 0.005036 0.016114
