0 0.066287 0.509500 0.058488 0.301541
0 0.020471 0.518165 0.038992 0.266881
0 0.383587 0.467908 0.022421 0.128241
0 0.363603 0.460109 0.023395 0.088383
0 0.330947 0.463575 0.016572 0.067587
0 0.436227 0.489570 0.032169 0.133440
0 0.893574 0.476573 0.023395 0.086650
0 0.871641 0.473107 0.012673 0.058922
0 0.857993 0.480039 0.014622 0.062388
8 0.647857 0.246951 0.009748 0.019063
8 0.730229 0.282478 0.008773 0.010398
8 0.917099 0.379525 0.013647 0.013864
8 0.933671 0.285944 0.009748 0.013864
9 0.470832 0.290854 0.023395 0.015597
9 0.483017 0.330713 0.024370 0.019063
0 0.507022 0.488456 0.016572 0.069320
0 0.548939 0.479791 0.012673 0.069320
0 0.529930 0.472859 0.011698 0.069320
0 0.577208 0.466794 0.010723 0.071053
0 0.493375 0.467660 0.012673 0.065854
0 0.560636 0.471126 0.010723 0.058922
0 0.585981 0.477192 0.016572 0.091849
0 0.520182 0.472859 0.009748 0.051990
2 0.343742 0.453796 0.025345 0.062388
2 0.318397 0.455529 0.027295 0.062388
2 0.659928 0.477192 0.073111 0.116110
2 0.768636 0.649005 0.336309 0.445379
9 0.360571 0.231194 0.022412 0.030469
9 0.934245 0.227678 0.030322 0.037500
9 0.932268 0.259319 0.031641 0.035156
