2 0.357038 0.503053 0.015610 0.021221
2 0.330868 0.502237 0.011019 0.016324
2 0.321686 0.513664 0.016528 0.032648
2 0.303781 0.531620 0.041320 0.045707
2 0.273938 0.536518 0.031220 0.055502
2 0.257410 0.546312 0.031220 0.062031
2 0.395144 0.503869 0.018365 0.026119
2 0.408000 0.503869 0.009182 0.019589
2 0.418100 0.505502 0.014692 0.022854
2 0.430955 0.504686 0.014692 0.024486
2 0.211958 0.556106 0.085395 0.084885
2 0.494299 0.517422 0.039484 0.053869
2 0.711627 0.486457 0.103760 0.075091
2 0.805286 0.476663 0.068867 0.071826
2 0.915525 0.488209 0.166199 0.158343
