3 0.448365 0.449190 0.137525 0.310394
3 0.362348 0.491102 0.028701 0.055276
2 0.378492 0.493228 0.013155 0.031890
2 0.307936 0.517677 0.044247 0.051024
2 0.256513 0.514488 0.027505 0.036142
0 0.193132 0.518740 0.013155 0.063780
0 0.033484 0.553819 0.019134 0.089291
0 0.025113 0.554882 0.014350 0.078661
0 0.010165 0.546378 0.020330 0.099921
0 0.519006 0.497480 0.011959 0.040394
4 0.553686 0.488977 0.019134 0.053150
0 0.553088 0.500669 0.010763 0.038268
7 0.553306 0.517611 0.010763 0.034016
8 0.364654 0.431879 0.005979 0.021260
8 0.371231 0.432942 0.004783 0.023386
9 0.316221 0.443116 0.011959 0.012756
