8 0.285820 0.069375 0.019688 0.106250
8 0.621563 0.212500 0.021797 0.082500
8 0.606797 0.225625 0.018984 0.066250
9 0.041581 0.370000 0.016875 0.015000
9 0.050370 0.402500 0.016172 0.015000
8 0.041933 0.428750 0.013359 0.022500
8 0.244784 0.413125 0.007031 0.023750
8 0.249003 0.415625 0.005625 0.023750
8 0.399472 0.335000 0.014063 0.035000
9 0.646972 0.293750 0.032344 0.025000
9 0.627636 0.314375 0.038672 0.028750
8 0.645073 0.395125 0.021797 0.038750
0 0.703125 0.544375 0.029531 0.138750
0 0.563672 0.522500 0.023906 0.110000
0 0.530647 0.543114 0.021138 0.126227
0 0.495469 0.504375 0.008438 0.046250
0 0.607617 0.523333 0.020391 0.097500
0 0.484922 0.503333 0.009844 0.040000
8 0.436641 0.459792 0.007031 0.013750
9 0.613828 0.282500 0.018281 0.042500
2 0.282305 0.498333 0.013359 0.030000
2 0.294258 0.508333 0.026016 0.065000
2 0.170156 0.502083 0.039375 0.042500
4 0.237656 0.471875 0.078750 0.102500
2 0.104766 0.501875 0.097031 0.096250
2 0.367031 0.519375 0.130781 0.218750
9 0.397714 0.110000 0.047109 0.095000
9 0.497909 0.152500 0.108281 0.045000
9 0.478222 0.338750 0.009844 0.012500
9 0.479628 0.368750 0.011250 0.027500
