0 0.062221 0.624037 0.040952 0.282897
0 0.044085 0.624037 0.028082 0.237134
2 0.563011 0.512751 0.012871 0.035362
2 0.578807 0.516911 0.035102 0.056163
2 0.586997 0.522111 0.023401 0.054083
2 0.605719 0.540832 0.042123 0.099846
2 0.648426 0.547073 0.078395 0.158089
2 0.543120 0.521071 0.036272 0.064484
2 0.519133 0.529392 0.023401 0.056163
2 0.500412 0.537712 0.042123 0.085285
2 0.471160 0.555393 0.063184 0.112327
2 0.441324 0.566834 0.085415 0.126888
2 0.360004 0.615717 0.163810 0.195532
2 0.815746 0.642759 0.363892 0.569954
9 0.426698 0.461788 0.011701 0.024961
