8 0.185192 0.202107 0.017023 0.029791
8 0.698930 0.312107 0.015616 0.032071
8 0.571414 0.434608 0.010082 0.019139
8 0.484019 0.436480 0.014041 0.018721
8 0.487529 0.454161 0.007020 0.020801
8 0.215878 0.190678 0.017551 0.045763
8 0.742020 0.408745 0.010531 0.014561
9 0.420640 0.414638 0.010531 0.020801
8 0.875798 0.445840 0.012871 0.024961
8 0.589325 0.450000 0.007020 0.024961
0 0.880673 0.570301 0.011701 0.089445
0 0.749625 0.522458 0.007020 0.047843
0 0.980129 0.548806 0.014041 0.081125
0 0.934496 0.556087 0.011701 0.079045
0 0.919870 0.549846 0.017551 0.087365
0 0.891203 0.557127 0.014041 0.076965
0 0.742020 0.521765 0.008190 0.056163
8 0.731489 0.518644 0.008190 0.058243
0 0.723298 0.514484 0.008190 0.054083
0 0.715693 0.514484 0.007020 0.054083
0 0.710428 0.517604 0.003510 0.047843
0 0.249810 0.476002 0.008190 0.068644
0 0.240449 0.456241 0.010531 0.024961
2 0.558318 0.479469 0.015211 0.022881
9 0.562999 0.490909 0.015211 0.024961
2 0.491039 0.484669 0.014041 0.020801
2 0.477584 0.480509 0.008190 0.024961
2 0.454783 0.500323 0.044917 0.067375
2 0.431951 0.487789 0.012871 0.027042
2 0.411475 0.499230 0.023401 0.033282
2 0.374617 0.499230 0.045633 0.058243
2 0.584060 0.490909 0.026912 0.054083
2 0.320014 0.501310 0.066694 0.087365
2 0.614482 0.525231 0.057333 0.068644
2 0.808128 0.540832 0.091265 0.108166
4 0.668890 0.497497 0.077225 0.101926
2 0.528482 0.513444 0.067864 0.108860
8 0.118927 0.380392 0.015597 0.032927
9 0.871966 0.315404 0.030219 0.041592
9 0.870503 0.349198 0.025345 0.022529
9 0.067814 0.286256 0.043513 0.019963
9 0.110976 0.299980 0.021757 0.022458
9 0.111327 0.326182 0.021055 0.017468
9 0.102203 0.233229 0.014037 0.048660
8 0.888862 0.445329 0.011931 0.024954
