2 0.058176 0.390631 0.043180 0.037059
2 0.116991 0.389874 0.035735 0.042353
2 0.151237 0.389874 0.023824 0.037059
2 0.179527 0.391198 0.032757 0.034412
2 0.210796 0.388551 0.029779 0.029118
2 0.248020 0.380610 0.038713 0.039706
2 0.284500 0.391198 0.034246 0.039706
2 0.313535 0.391198 0.023824 0.039706
2 0.437864 0.407080 0.031268 0.055588
2 0.600906 0.411051 0.068493 0.068824
2 0.476577 0.437521 0.078915 0.095294
2 0.019038 0.383824 0.038075 0.058235
9 0.233130 0.328992 0.026801 0.031765
9 0.285989 0.350546 0.028290 0.037059
9 0.668655 0.261492 0.061048 0.082059
8 0.666421 0.092080 0.023824 0.124412
8 0.410318 0.055966 0.020846 0.111933
8 0.380539 0.252227 0.017868 0.068824
8 0.563682 0.245609 0.020846 0.066177
8 0.758737 0.229727 0.017868 0.050294
8 0.725980 0.376639 0.011912 0.031765
2 0.571127 0.464559 0.151875 0.193235
2 0.370860 0.462668 0.141452 0.214412
